Mean: 250.7840161861406
Median: 247.0
Mode: 230.0
Standard Deviation: 144.17131868884064
Variance: 20795.888043983545

Execution time: 0.0468 seconds
